# 2026-09-30 擴到全市場之前，資料湖 intraday_60m 裡有的 567 個代號（_uitest「全市場1H4H」段落挑「不在這份名單」的股票驗）
00400A
00402A
00403A
00405A
00406A
00407A
00409A
00411A
0050
0052
0056
006208
00631L
00632R
00633L
00635U
00637L
00646
00662
00663L
00670L
00673R
00675L
00679B
00680L
00685L
00687B
00696B
00708L
00712
00713
00715L
00720B
00722B
00725B
00735
00738U
00740B
00751B
00757
00764B
00772B
00795B
00830
00877
00878
00881
00888
00891
00892
00909
00918
00919
00922
00923
00927
00929
00930
00933B
00935
00937B
00940
00947
00953B
00961
00980A
009816
00981A
00981B
009820
009821
009828
009829
00982A
00984D
00988A
00990A
00991A
00992A
00998A
1101
1102
1216
1301
1303
1312
1314
1326
1402
1409
1476
1477
1504
1513
1514
1519
1528
1560
1569
1590
1595
1597
1605
1708
1709
1711
1717
1718
1722
1727
1785
1802
1809
1815
2002
2006
2027
2030
2032
2033
2034
2049
2059
2103
2104
2201
2207
2221
2241
2254
2301
2302
2303
2305
2308
2312
2313
2316
2317
2324
2327
2329
2330
2332
2337
2338
2340
2342
2344
2345
2347
2351
2352
2353
2354
2356
2357
2359
2360
2363
2367
2368
2369
2371
2375
2376
2377
2379
2382
2383
2385
2388
2392
2395
2399
2404
2406
2408
2409
2412
2413
2419
2421
2426
2428
2434
2436
2441
2449
2451
2454
2455
2458
2464
2466
2467
2468
2472
2474
2476
2478
2481
2484
2486
2489
2492
2493
2498
2542
2548
2603
2605
2606
2609
2610
2615
2618
2633
2634
2637
2645
2801
2812
2834
2851
2855
2880
2881
2882
2883
2884
2885
2886
2887
2889
2890
2891
2892
2912
3005
3006
3008
3014
3016
3017
3019
3022
3023
3026
3029
3030
3031
3034
3035
3036
3037
3042
3044
3045
3049
3055
3081
3088
3090
3094
3105
3131
3138
3141
3147
3149
3162
3163
3167
3169
3189
3211
3219
3221
3229
3231
3234
3260
3264
3265
3293
3294
3312
3317
3324
3339
3357
3362
3363
3374
3376
3380
3406
3413
3437
3441
3443
3450
3455
3479
3481
3490
3491
3498
3518
3529
3532
3533
3543
3551
3563
3576
3580
3583
3591
3596
3605
3624
3645
3653
3661
3665
3673
3675
3680
3691
3693
3702
3704
3706
3707
3711
3714
3715
3717
3718
4540
4542
4551
4566
4576
4722
4749
4763
4764
4768
4770
4772
4903
4904
4906
4908
4915
4916
4919
4923
4927
4931
4938
4939
4951
4956
4958
4960
4961
4966
4967
4971
4977
4979
4989
4991
5269
5274
5285
5289
5309
5314
5340
5347
5351
5386
5425
5434
5439
5443
5464
5475
5483
5536
5864
5871
5876
5880
5904
6005
6112
6116
6121
6127
6133
6139
6147
6148
6155
6166
6168
6173
6176
6179
6182
6187
6190
6196
6197
6199
6204
6205
6207
6209
6213
6214
6217
6218
6223
6224
6226
6227
6239
6244
6245
6257
6269
6271
6274
6278
6282
6285
6290
6291
6409
6414
6415
6425
6426
6438
6442
6443
6446
6449
6451
6456
6472
6477
6488
6491
6505
6510
6515
6526
6530
6531
6532
6533
6538
6547
6548
6584
6588
6603
6617
6620
6640
6643
6664
6667
6668
6669
6672
6683
6691
6693
6706
6715
6727
6739
6742
6770
6781
6782
6789
6805
6811
6829
6830
6831
6834
6861
6870
6902
6907
6919
6933
6937
6944
6945
6949
6957
7610
7711
7717
7734
7749
7750
7751
7769
7772
7788
7792
7795
7799
7822
7828
7856
8021
8027
8028
8033
8039
8040
8042
8046
8050
8054
8064
8069
8086
8096
8103
8110
8111
8112
8150
8155
8210
8215
8227
8240
8261
8271
8299
8358
8422
8431
8436
8464
8932
8996
9904
9921
9945
9958
